341541485110719735948884179439272762238985309595001924532577753442132265551603
443761749454596049057086220196924605728558892859576692266341127120783341957753
436001157905716606777307388169267974932553817867670615211471841358549591821597
407618053395769360260535383951574515192045029588298328574831313927665771516051
268108541350302358328955589106147237357934518650367413775893336402296417522197
286389536031333698430796159300864644325931609051277527552949013520592717601667
386889788737196548229577198234402412289527895456490562425873609467585620239403
343285470737123302570094564710921542643802011072580728460257227062312650421419
322703246068363532842992376187432956098858737452432389270316440194340066490693
310523888227115137676325314633309402904583156730250768063512320032727177088927
291884519962511062238149945057597603607792422749478693129118066142797508355813
422989729528997618793119285818198952116632247565878969511878938153125815853633
426587757451211945915786556569574140139577707704676727388028872475366374341471
310428342078120570977067853734348875327157729361879178923811561672754551278739
423426977017188368661118115852637378368280079170422033550647519406944775895759
425891321338101304051914848313075862417942621701937058968730300171005261584551
288947803653151468020678239642869629863728764454552188498027134879365160706131
431876898159657508071259075510757864244268007387564581106419242267351603776351
400198664190762726776460802035046149710651151816665725260691641591761904686927
445560186810644660547587449771357834643876553485225413274087751910843770038437
283103429098447500873717097118390246792103303080199371444504576584731850709401
409785346412546013655706905049494205736861125488444192612831208299254281530277
290445687756554360911295736628464680731830240280823400967571656144256929241819
273983264082069771690718106259048862933884925706515290370425916930769341514899
310699736298127347986568155963363152502945372369565206355877559816068763466947
242196887294548212818435944919919054921607854806341464248400091214184261171097
339103711574837045612360406051777877475162914575963124206992898069535691342689
314513337750579537856715113440660140400593210499823873547837658430977475001603
370070896333262522107315926581290751337705360771986805238128610773773894705207
237099959781007062415332556322099088470074352504975416074382851512436380539561
335558272174021758243880056741515615812761042806984736657885362351267686317371
341738982749374086594905549540605018441652740231651764581708168394465420641383
251801651288747670301945719604299142892598492684448991157695704579380488971937
460971132940593322911673142500073075388099752478068465542072905576514571230039
416853427388779535227610618788002052744518996337668869893801308537232474033481
384758414141301379605994131559934797372121407913642551765311820818608211430423
266811445588296662066837128187423877527212212656160557906899666451579020894459
235095892895325699300697163503423646859478123022961934673714209265868558643537
341443860253883507977512880441248100793248655102137971748688471692183122274583
370100126652356513916213198878211172311138255231086516887715037335082983179543
379758476240197903700771583443665096996682910406568067724342384897056296560291
282792768117017721934823423602918612428100601108491328292550639234295928742417
278280824363764998310700666816849853481403132327185552832359632307169859287629
234429106142540328258696699865749390155869564864786290595871758065417368931073
433988872284297077738067351315716888666540717469503705467752333059699960901997
329430146746784336002297037510743812618879214566028466135572837124824798580227
340088298883396001155164897907557511970127032725205434054144404394397029564387
247562329771517252847776032328174103748372846554456012220807740667203461124677
419307907033964840384909516449100515723689586076849927680956419754108757146283
371337222915726396297267861632277781209535468475566277948234952319407019007171
377347702972311251003099740028432538201818290460246460658144862771920478564021
267396173595427047444156444104697748127161421446193233438773801515017262759029
391298895457404575983724654992437270930702087737360733310695066798814590881561
434251816630560181663671059106184395007158174431317032725832317478094391077741
279977301452536429157120175167869885157028297499447083599409033731118995314877
330949312685114536391504372685744699951497673283019906969028726233286145060513
432821044175210851353944361766693984011642910299647253325208358600810944836709
446794937600122688886697033926526137128874904688598347666166278756833594228159
266582026706158435316561323745816054037123168712801269987118951732980902642923
244908921187276703357695671364359943964694307630305110705497399663359714441941
285605743237545369169412466948840879917772754274963332602401260585844593286267
255017153763701502009102866561088194092991835721554803895503338430122256608711
345988907300605460494445966585467162423984851009898780789436675647823895859039
303002513937425862043366251112433632756087412069825125506326940890989335546961
422191608261139386671450161726286173001173625729274889766838589935933955502653
282724783463545986917715784891215075904996364956126004994226393193449587751627
265630338770635790314159423639684837605882577266715777108792799519442555423977
329664674931957598140036476874141145678121048221262098238039787497255934529711
368126548413927186067835844362239618486693636876326699188010643586503342543367
461520910756208280425349815078617563049874450529221346186653768154454265126779
237122970238200953748078919319972005545434495683382614546414942859710028925989
367010253161251806397757505062524401871944091744455002764221020983768839603673
279129830055602674326509016788332184760195091748296708534122335449621277446909
341836827663316120214160726816301815052509659797933688446223899023549363230881
314309449766223463259674459197044361073483334916270310483633559225332026213869
368362428765116903199193510273270899928311875224059953116579506940659998020831
408086590644830037899027475806679109925676968411631151475911354064775830085473
432149425932200000721245027644089467108417677907772238062167770293715116968581
347890991943379966651293428429611797685178639164240989946467914080296933140111
417229491032002073745585328003133783058625764301197455862151370886762425691977
260547283101049399615318851843975491458950722962289845652416528887026640650243
351505900406282435417490429593158234656743629458743113588627840408633638130403
402294758910653702584760771960949673395396647473522503407933975710459558641229
309238811614148322390665909818228016631315904973572810979197963215932439093277
285933498441241229510454200611929300001803396601060355201680712295067585748809
358104898515293257870231138449629956807982820323538798273683270940433195799123
426895043070849129065142332889707210714572310081789356682772031488323076643633
326500528229245247702128617295902511039237868896862285972065625854234677728789
413827767456942788629285169834377645342653928147543807996309846263991717329979
459117432097500844837214214681490000448975974999449764094275901505877613295927
461482026210193954383012447074234764166731638659418006039564008889945652397951
287337665473288491814925830277001997700242755725715089893060076194101992838977
412499147418459641848230035948746011719034829254508837347958947827417622446591
403859185156036963965315763761189585487081621020684339540275601245154777442931
439046060627341272464284479209236071064328112139030409979197150803819109238731
240060132491057081573358868036039588165295689536749896856175125108829270739843
364143001229445936805266081503197486578142349512926834429054761134139129562683
360863383182832541244457829584090722910418154266149348249090151657430322435187
409536155485938814514465051348899017614603779115096040715631167758849614673163
236729769808067750623127281918731828812993721139496248824179535217645838561027
459100074456699108215819904737545089107391149186054048156805081265967223941021
336170891710724640944595721815873302190236738753106582239417135947864864828183
262002358559521562780021365023240875243063859173998404730036422693103180513501
356386090231180869897012747502559468783467016397098876553288230323058842076723
248963961573826542721605851550373393085266645090567564666443711078609395745611
302766824435385888465893805771840665594893365214053090483681975660349120602541
363204823293971656034923848498538023481484387060816858423203379195671784601143
253956241831959166211708027756600135358083226880889003461572511207616837616479
303001666306550038274717265568426298839547027697355885173934031271084979103681
278634926808901182551047359732815145275359372751735371578739607397124338503731
336277417805859252472958679088305821828587447294934480394288799897461315926221
260103004236900906307021547533110952371375002826744893192155410596165998052537
446712582533062998676273165584235112104719934705769148665771481817135473645689
284245318563011539257602061890007391213130833766178727384920065130702102967861
413967132006770878031270614920043193870258294115429378535058781974016507756997
233372607314659626875503596053683620206248208147746995307460642367040357212179
261521043906882111913855183306502279986081406698333367770232062082458287216869
333648404951205715252457461047739693671846040386298131754993209892660967182957
338561569656580908206424718081140405296654695789888803776442537894800314319237
275921533917719459476203729987195376268878475152246725849201573377389971602039
407254188502868484667469275882075948827224078428648327037195090906186160376447
428459398593718179034730329344918456483652864533480421456304620962459657383041
242464935941911856562764482869958594251743482232313178626387004787977832883671
459036724271557535400448878902046361255921611344155916542238836869432183777023
266744783458268348493460491493083088628851736897684847643545154365870584836313
278411543756149686893274381863331497764197078671657254552930516535872391407273
324602616853351647138358162734375590221174167559388751660957993622241555111167
447099132324444617403185873087516691663014298239331210236124983530703708639771
435241145982828446772507962129107821838883144801908374572914459227795006699023
436102953691204005165927321317766937115435031766852012357080979582432753411777
246480691732903055560566812723563750244198197029726794785670850345146188029863
303657456297194642697883719296877107041143634770348024586991722849661275989349
446402108880112776531776393157556365572539670262528085806114431140010775013817
361318352710852098278222570178751203459589031114934197927150972903147644421449
247924881043003813579102714051344940147527856506229792226932178112921192539519
263394910219652442976679137735860913580864552810969199236501496106707034886377
363312460332520976854449984041669292059297955861443736928361152221351354764237
240610294686718999214225600487093467222924719609414152806493710049916914960661
376765263171662663318932345964207596059508807690618990932757565723668012120693
285004508892377914606488940151353888747156886341420355742282498598835190589919
375910497590360923129745537747497021738914799661366221708375823766627425305007
314872036621068757368737908400066560179988423500454145240926094825907221934173
393718381844510182259691591455173593484591521407191029313845226433623835266433
430085310419730873802705251408084516865076036827731700109012386958543030925673
413767153942240098881955907948823015181476607324346671963772470869211171450923
236929814666076791671318397077104054793076597337940935661892446227461866892863
396314789478961611540078925667872354407982863100538556502616279439670287465683
257373550721418221133281230293092865504925514030815001765341915880929432502041
399511484523184068643309132865732642457038406146132473988460424242038796212447
